
Resp charges for organic molecule                                               

iqopt   irstrnt  ihfree     qwt
  2      1      1        0.001000

 rel.rms   dipole mom       Qxx      Qyy      Qzz
    0.09144   3.67158  47.06069 -22.42803 -24.63266

          Point charges before & after optimization
    NO   At.No.    q0           q(opt)   IVARY  d(rstr)/dq 
     1     7  -0.859056      -0.859056  -99    0.001156
     2     6   1.006198       1.006198  -99    0.000989
     3     7  -0.831376      -0.831376  -99    0.001194
     4     6   0.655525       0.655525  -99    0.001508
     5     6  -0.535399      -0.535399  -99    0.001836
     6     6   0.914504       0.914504  -99    0.001087
     7     8  -0.661532      -0.661532  -99    0.001495
     8     6  -0.005340      -0.005340  -99    0.009986
     9     6   0.377776       0.376664    0    0.002566
    10     7  -1.039680      -1.039680  -99    0.000957
    11     6  -0.162628      -0.162628  -99    0.005238
    12     7  -0.473053      -0.473053  -99    0.002068
    13     7  -0.969089      -0.969089  -99    0.001026
    14     1   0.403985       0.403985  -99    0.000000
    15     1   0.403985       0.403985  -99    0.000000
    16     1   0.426004       0.426004  -99    0.000000
    17     1  -0.005543       0.009607    0    0.000000
    18     1   0.023645       0.009607   17    0.000000
    19     1   0.376276       0.376276  -99    0.000000
    20     1   0.376276       0.376276  -99    0.000000
    21     1   0.392642       0.392642  -99    0.000000
    22     1   0.185879       0.185879  -99    0.000000

        Statistics of the fitting:
  The initial sum of squares (ssvpot)                      2.902
  The residual sum of squares (chipot)                     0.024
  The std err of estimate (sqrt(chipot/N))               0.00193
  ESP relative RMS (SQRT(chipot/ssvpot))                 0.09144

 Dipole Moment (Debye)=   3.67158
